Trip ID,Duration
4576,63
4607,70
4130,71
4251,77
4299,83
4927,103
4500,109
4563,111
4760,113
4258,114
4549,125
4498,126
4965,129
4557,130
4386,134
4749,138
4242,141
4329,142
5097,142
5084,144
4982,146
4417,148
4265,151
5093,160
4168,161
4550,163
4533,165
4510,166
5070,168
4917,169
4276,173
4378,173
4069,174
4625,175
4086,178
5088,183
4721,184
4636,186
4812,186
4720,188
4798,188
4944,188
4400,189
4606,191
4705,193
4841,197
4704,204
4824,207
4854,209
4502,210
4638,211
4855,214
4994,214
4459,215
5074,216
4081,218
4337,219
4401,222
4411,223
4467,225
4765,228
5001,236
5002,236
4560,237
4592,239
4673,239
4714,240
4748,240
4317,241
4559,242
4880,242
4668,243
4667,244
4443,245
5105,245
4341,252
4423,254
4911,259
4504,262
4584,262
4599,265
4801,265
4870,266
4743,267
4799,267
5006,269
4686,273
4906,277
4177,278
4436,284
5057,284
4084,287
4595,288
4377,289
4600,291
4959,292
4828,293
4450,298
4558,298
4657,298
4796,305
4331,307
4280,309
4290,309
4876,309
4766,315
4871,316
5078,318
4744,319
4376,320
4392,323
4602,323
5100,323
4448,324
4722,327
4850,327
4615,332
4582,335
4640,335
4805,336
4715,337
4941,337
4454,340
4647,340
4750,342
4393,343
4822,343
4300,346
4968,346
4890,347
5075,348
4570,351
4278,353
4399,355
4660,355
4745,360
4955,360
4785,361
4730,362
4786,362
4447,363
5032,363
4312,369
4695,369
4700,369
4875,370
4659,371
4998,374
4496,375
4716,375
4527,376
4612,376
4204,378
4731,378
4883,378
4517,379
4429,380
4699,380
4434,384
4408,385
4961,387
5099,387
4725,388
4347,389
5095,390
5102,392
4414,393
5050,396
4334,398
4385,398
4981,399
5062,402
4970,404
4458,405
4879,405
4999,405
4751,406
4996,410
4616,412
4741,412
4910,412
4655,413
4542,416
4348,418
4435,418
4465,419
4810,419
4641,420
4571,421
5077,422
4309,423
4953,423
5067,423
4830,424
4464,425
4529,425
4296,430
4784,430
5004,430
4455,431
5061,433
4689,436
4904,436
5060,436
4783,438
4679,440
5013,440
5073,440
4445,441
4343,445
5015,449
4849,450
4901,450
4958,454
4967,454
4199,455
4905,459
4298,460
4486,460
4396,462
4536,462
4761,462
4125,464
4314,464
4837,466
4301,471
4860,472
4442,474
4936,474
4483,475
4666,475
4980,475
4787,479
5066,481
4859,482
4409,485
4605,486
4942,486
4809,489
4678,491
5076,491
4779,492
4518,497
4123,500
4321,505
4304,508
4710,508
4420,512
4627,515
4587,519
4320,520
4711,522
4817,523
4969,527
4632,530
5046,531
4440,534
4933,535
4310,537
5016,537
5014,538
4369,540
4439,540
5029,541
4833,543
4934,545
4903,546
4762,551
4691,553
5024,555
4419,556
4776,560
4902,560
5010,561
4374,563
4561,563
4661,563
4788,563
4829,566
4478,567
4865,570
4405,571
4282,572
4287,572
4808,572
5085,573
4134,574
4367,579
4524,579
4834,579
4990,579
4928,582
4777,585
4836,585
4356,587
5086,587
4929,590
4581,591
4835,598
4531,601
4912,601
4706,606
4366,607
4398,607
4610,607
5017,607
4729,608
4379,610
4336,611
4628,611
4881,611
4728,612
4772,612
4864,614
4918,615
4410,620
4795,621
5008,623
4537,624
4626,624
4782,626
4428,627
4256,629
4868,633
4360,637
4724,637
4499,638
4889,638
4684,640
4814,641
4848,642
4937,642
5087,643
4885,644
5005,645
4462,646
4525,650
4543,650
4723,654
4285,657
4413,659
5104,661
4987,662
4806,663
5031,664
5101,666
4538,668
4674,671
5106,672
4349,674
4649,676
4797,677
4446,678
4648,679
4878,679
5059,679
4651,684
4676,684
5020,684
4887,685
4406,687
4136,688
4552,688
4407,690
5009,690
5043,691
4460,693
4556,693
5108,694
4562,696
4624,697
4644,698
4350,701
4403,702
4522,702
4874,704
5058,704
4642,710
4643,710
4466,711
4243,720
4346,724
4872,726
5054,727
4503,728
4823,733
4979,747
4586,748
4425,752
4545,752
4652,753
5083,755
4842,756
5045,757
4277,759
4670,759
4288,760
4519,763
4080,764
4803,764
4339,765
4340,767
4404,768
4973,768
4832,776
4444,777
4703,778
4838,778
4851,783
4358,784
4877,792
4671,797
4945,797
4752,799
4899,802
4702,804
4739,809
5079,809
4736,812
5012,812
4820,813
4873,813
4526,814
4939,816
4541,817
5030,818
4681,819
4390,825
4685,826
4931,826
4946,827
4701,828
4591,832
4451,834
5011,834
4972,837
4938,840
4997,841
4523,844
4857,844
4756,845
4858,845
4853,849
4507,850
4645,850
4544,852
4774,852
4975,852
4380,853
4964,853
5026,857
4614,863
4620,865
4593,867
4846,867
4869,870
4391,873
4352,874
4974,877
4713,878
4804,878
4907,879
4940,879
4375,880
4573,882
4654,882
4275,883
4395,885
4935,885
5090,892
4737,897
4319,899
4991,902
4734,905
4781,908
4214,909
5027,912
4494,913
4742,914
4690,918
4618,919
4449,926
4976,926
4845,929
4213,931
4764,931
5000,932
4971,936
4617,939
4926,941
4925,943
4780,948
4453,949
4397,950
4601,953
4497,954
4771,956
4683,960
4633,963
4687,967
4585,968
4289,970
4943,970
4886,971
4665,972
4740,976
5041,976
4210,980
4431,980
4757,981
4426,982
4569,987
4790,989
5038,994
4079,995
4984,998
4635,999
4308,1000
4983,1009
4948,1010
4568,1013
4491,1015
4861,1015
4862,1015
5007,1016
4512,1024
4746,1024
4813,1030
4254,1032
4121,1040
4485,1040
4775,1046
4688,1047
4438,1050
4437,1052
4268,1055
4852,1055
5091,1061
4629,1065
4995,1065
4206,1066
4073,1067
4244,1071
4733,1072
4956,1072
5049,1075
4555,1077
4888,1077
4580,1081
4373,1083
4433,1083
4511,1088
4847,1088
4365,1094
5068,1096
4916,1097
4826,1098
4767,1101
4279,1105
4432,1107
5048,1107
4821,1109
4307,1110
4509,1111
4993,1112
4075,1117
4076,1118
4727,1126
4484,1127
4682,1129
4074,1131
4819,1133
4487,1136
4708,1137
4707,1138
4726,1140
4747,1140
4712,1142
4843,1147
5094,1149
4219,1150
4692,1150
4658,1152
4664,1157
4359,1159
4856,1159
4479,1161
4345,1162
4900,1168
5056,1171
5039,1174
4680,1176
4693,1177
4818,1177
4992,1189
4311,1191
4619,1201
4506,1206
4954,1210
4372,1211
4515,1211
4116,1213
4909,1220
4514,1224
4368,1241
4891,1244
4966,1245
4735,1247
4672,1251
5040,1253
5092,1253
4827,1258
4913,1263
4160,1271
4164,1276
5103,1278
4662,1279
4284,1281
4546,1288
4305,1292
4351,1298
4457,1301
4303,1305
4656,1306
4394,1309
4924,1313
4461,1314
4335,1321
4963,1323
4866,1326
4895,1326
4328,1328
4923,1329
4759,1339
4947,1339
5037,1345
4293,1346
4653,1349
4252,1350
4234,1351
4292,1373
4332,1373
4100,1392
4323,1397
4951,1409
5089,1423
4769,1424
4950,1424
4342,1431
4315,1432
4327,1438
4318,1439
4534,1439
4623,1445
4297,1451
4611,1462
4978,1475
4977,1481
4892,1492
4452,1494
4989,1499
4221,1500
5034,1511
4598,1512
4316,1515
4949,1524
4217,1535
4583,1536
4988,1539
4597,1541
5022,1569
5023,1569
4477,1578
4547,1580
4218,1593
4825,1605
4422,1682
4567,1684
4564,1693
4566,1699
5053,1701
4283,1712
4650,1716
5052,1719
4589,1723
4421,1724
5063,1725
4908,1731
4588,1751
4402,1776
4960,1790
4364,1800
4898,1804
4755,1808
4551,1817
4753,1830
4778,1849
4919,1879
4920,1880
5021,1899
4495,1901
4493,1914
4718,1946
4501,1963
4133,1965
4957,1969
4844,1970
4355,2044
4894,2069
4575,2096
4241,2124
4717,2136
4302,2138
4646,2542
4922,3349
4694,3362
4135,3492
4388,3582
4132,3637
4078,3829
4709,4116
4572,4331
4622,4499
4578,4521
4577,4524
4621,4536
4893,4756
4758,4801
4634,5075
4884,5506
4313,5709
4882,5776
4669,5983
4603,6095
4166,7138
4565,7148
4639,11118
4637,11272
4528,12280
4363,15244
4193,18192
4190,18240
4225,21612
4663,52698
4532,84990
4521,85385
5069,86102
4505,97713
6115,69
5157,75
5349,76
5314,94
5580,112
5872,125
5483,129
6457,130
5767,134
6393,134
5947,140
5480,149
6266,168
5702,170
5465,177
5617,179
5476,182
5744,182
5543,185
5282,193
5462,194
5213,195
6191,197
5873,199
5550,211
6117,213
5219,214
6220,216
5671,220
5830,220
5797,227
6292,229
5230,232
5426,232
5460,238
5746,238
5473,241
5705,241
5133,246
5196,246
5555,249
6405,251
5372,252
6234,254
5496,255
5652,256
5651,258
5229,259
5255,265
5209,266
5745,266
5257,268
6283,271
5958,273
6285,274
6446,280
5185,282
6304,282
6448,283
6132,284
5612,288
6326,289
5247,290
6218,292
6273,292
5742,293
6416,296
5675,297
5605,303
5399,304
6406,304
6352,306
6264,307
6305,307
5265,311
6073,311
5248,315
5730,316
5194,317
5207,317
6167,317
6327,317
6335,317
5266,318
5763,322
5518,325
6479,325
5290,327
6118,327
6272,328
6419,330
5499,331
5191,332
5994,333
6445,333
5212,334
6172,334
5491,335
6359,337
5454,341
5501,341
5776,343
5276,344
5516,347
6176,347
6296,348
6038,350
5168,352
5931,352
5694,355
5492,356
6477,356
6284,359
5798,362
5425,364
5288,368
6476,370
5117,371
5618,372
5600,375
5720,375
5868,375
5879,375
6438,377
5909,378
5834,381
6212,385
6307,387
6072,389
5604,390
5940,390
6358,391
6398,392
6125,393
5127,394
5549,395
6397,395
6442,396
5935,398
5419,399
5154,401
5869,401
5925,401
5681,403
5374,405
5877,405
6216,406
5440,408
5939,411
5418,412
6453,414
6174,415
6314,415
5301,416
6011,418
6313,419
5924,420
5525,422
6010,425
5118,430
5466,434
5169,437
6322,438
6386,438
6378,440
6455,441
5130,442
5488,444
5592,444
5171,445
5794,446
6277,446
6456,447
5590,449
5522,450
5487,452
5138,453
5206,455
5388,457
5850,457
5396,459
5542,461
6348,461
5180,462
5503,463
6371,466
5792,467
5848,468
5420,471
5412,478
5547,479
5741,480
5764,481
5774,481
6338,485
6447,485
5789,486
5842,486
6345,486
6299,487
5377,489
5376,490
5190,492
5210,493
5442,494
5591,494
5122,495
5136,495
5240,497
5199,498
5933,498
6179,498
6245,498
5749,499
6403,499
6004,506
6008,508
5217,509
6402,509
5125,511
6207,511
6330,511
6337,511
5712,512
6306,514
5134,515
5528,519
5628,522
5261,527
5920,527
5536,528
5595,528
6454,528
5936,531
6317,532
5822,534
6303,534
6430,534
5162,536
5369,539
6401,539
6421,539
5140,540
5328,540
5200,544
6256,545
5534,547
6046,549
6428,551
6127,555
6251,555
5707,556
6342,556
5812,557
6211,557
5262,561
5560,563
5804,566
5611,568
5538,570
5587,571
5722,572
5295,573
5352,573
5858,573
5505,575
6431,575
5141,576
5650,577
6034,578
6437,578
5803,584
6182,584
5484,585
6270,585
5258,586
5849,588
5189,589
6300,591
5548,593
5807,594
5647,595
5583,597
6351,597
6392,604
5646,606
6210,608
5806,609
6381,611
6415,611
6153,614
5344,619
5670,620
6123,621
6441,621
5527,622
5119,624
6400,624
5513,626
5832,627
6382,627
6380,631
6407,631
6460,632
5193,634
5178,638
5254,639
5471,639
5504,641
6060,647
5470,648
6346,648
5181,651
6310,655
5870,658
5142,659
6058,665
6097,670
5216,671
5350,672
5754,672
5831,672
5116,673
6181,674
6275,674
6187,676
6274,676
5143,678
5422,683
6080,683
5990,686
6343,689
6184,696
6177,697
6361,700
5173,701
5321,701
6175,702
5144,703
6168,704
5847,705
5486,710
5743,711
5787,711
6434,713
5972,716
5139,721
5368,722
5588,722
5846,722
5904,723
5489,724
6126,724
6461,724
5256,726
5214,727
6452,727
6244,731
6029,736
6215,736
6294,736
5263,740
6158,741
5814,745
5709,746
5187,749
6231,750
6463,750
6259,751
6122,755
6344,757
6357,757
5703,758
6363,763
6364,763
6395,763
5479,764
5221,768
6365,769
5186,770
5156,776
5183,776
6267,777
6394,778
6295,781
5124,783
6243,786
6423,787
5477,794
6242,796
6424,798
5170,805
5220,807
6432,808
6200,811
5821,815
6037,816
6044,818
6377,821
5526,822
5177,824
6420,826
5126,828
5871,830
6254,831
6268,837
5179,842
6433,845
5952,846
5452,847
5137,848
6436,857
6120,859
5530,860
6135,864
6417,869
5829,871
6435,872
6201,876
5153,879
6255,880
6261,882
5164,884
6185,885
6119,890
5495,892
6472,892
5135,893
6006,893
6145,895
6391,895
6108,897
6379,898
6188,902
5490,907
6005,908
6458,911
5313,916
6208,916
6252,916
6007,928
6329,928
5201,939
6370,941
5696,944
6478,944
6291,945
5841,949
6064,951
6189,952
6302,954
6290,961
5602,965
6240,972
6418,972
5198,973
5544,981
6451,985
5353,991
6355,995
6198,998
6339,1010
5700,1014
5252,1016
6246,1018
6372,1018
5790,1021
6258,1021
6450,1021
5121,1022
5481,1023
6090,1026
6247,1029
6373,1032
5839,1036
6429,1040
5478,1044
5546,1045
5132,1047
5251,1049
5779,1049
5371,1052
6315,1061
6050,1062
6199,1066
5778,1069
5370,1074
5993,1077
6024,1082
6349,1087
5991,1094
6025,1096
6241,1098
5584,1107
5569,1108
6287,1111
5485,1114
5910,1116
5461,1117
5155,1120
6321,1120
5148,1124
5589,1125
6469,1126
5773,1133
5886,1138
5769,1152
6369,1155
5545,1156
6236,1163
6217,1165
6468,1165
5208,1168
6301,1169
6325,1172
5567,1173
6324,1187
5381,1190
5524,1192
5840,1195
5837,1196
5378,1201
5836,1202
5838,1207
5163,1209
6328,1209
5585,1213
5498,1214
5835,1214
5202,1216
5581,1223
6331,1231
5497,1235
5149,1238
6427,1239
5988,1241
5736,1247
6467,1249
5197,1257
6281,1276
6368,1278
6465,1283
6280,1285
5987,1298
5874,1301
6426,1307
6367,1308
5416,1317
6263,1321
6376,1323
6375,1324
6249,1328
6374,1333
5645,1344
5708,1349
6334,1352
5391,1356
5808,1359
5701,1361
6262,1365
5845,1373
6308,1405
6336,1406
6289,1415
6425,1415
5607,1430
5608,1433
5174,1435
5606,1436
5150,1443
5482,1450
5243,1452
5721,1452
6156,1462
6440,1462
6154,1473
6288,1487
6113,1526
6366,1528
5579,1543
6318,1562
5242,1585
6121,1588
6130,1595
5474,1596
6459,1604
5843,1613
6129,1619
5983,1628
5989,1628
5984,1632
5246,1633
5514,1641
5571,1647
6070,1659
5245,1671
5515,1683
6069,1689
6214,1721
5494,1738
6404,1744
5500,1751
5192,1752
6213,1753
5793,1780
5469,1798
5561,1806
6035,1812
5833,1824
5995,1825
5653,1827
6116,1845
6075,1870
5306,1881
5244,1978
5648,1978
5457,2030
5748,2048
5109,2137
6350,2207
5111,2224
5123,2481
6298,2496
6297,2527
5938,2650
6341,2688
5205,2727
6340,2746
5204,2751
5908,2862
6323,2868
5582,2911
6319,2929
6480,3278
5913,3314
5912,3328
5523,3494
6141,3504
6271,3644
5698,3684
6161,4375
6293,4436
6360,4446
6411,4446
6410,4451
6093,4528
5165,4542
5375,4856
5373,4908
6414,5218
6413,5334
5260,5536
5259,5574
5379,5719
6312,5900
6311,5929
5706,6553
6396,6731
5731,6748
5727,6797
6390,7003
6389,7044
6387,7268
6383,7453
6388,7454
5614,7570
5609,7603
5203,7713
6180,7833
6227,7890
6085,7931
5472,8134
6082,8181
5464,8315
5992,8522
6333,9268
5131,10040
5539,10805
6032,10963
6409,12408
6408,12459
5697,12562
5683,12875
5218,13809
5716,14545
5717,14568
5241,15160
5537,16570
5253,16713
5531,16744
6131,16933
6098,17593
6091,17774
5115,18198
5114,18206
5250,18219
5249,18241
5508,20920
5506,20931
5167,23182
5166,23212
5640,23319
5638,23360
6003,23694
5380,25335
5222,27103
5120,33088
5113,34449
5182,36255
6412,70731
6178,70982
6462,77919
5493,83224
6282,241334
7416,62
7250,68
7403,69
7226,79
7375,101
7441,103
7415,104
7317,111
6717,120
7343,126
6662,127
6832,128
7362,159
6768,173
7277,177
6776,186
7282,188
6945,199
6993,208
6488,209
6489,210
6668,218
6749,218
7273,219
6483,221
7299,221
7171,228
7001,246
6493,250
7047,259
7426,260
7372,262
6972,264
6628,273
6543,276
6509,278
7330,279
6758,281
7206,281
7238,281
6608,283
6844,294
7193,295
6696,296
6618,298
6487,300
6704,302
6502,310
6492,311
7010,311
7440,324
7340,329
6791,330
7423,330
7207,334
7093,340
6787,341
7433,341
6722,345
7113,345
7036,349
7425,350
6650,367
6505,369
7114,369
7211,370
6894,374
6770,375
7039,376
6583,378
6682,378
6614,382
7006,382
7398,382
6625,387
6880,395
6508,400
6881,407
6515,410
6918,414
6884,431
7218,432
6660,436
7083,439
7162,440
7163,443
7303,444
7244,446
7418,446
6491,453
7167,453
6511,457
7100,459
7270,459
6707,462
7184,462
7351,463
7168,466
7417,472
6700,480
6706,484
6619,488
7249,490
7230,496
7112,499
6520,501
7183,501
6637,506
7111,508
7200,509
6646,510
7247,511
7086,518
7199,518
7301,524
6512,528
6732,533
6691,535
6537,536
7327,536
6536,538
6690,538
6850,541
6919,544
7421,544
6905,548
6528,549
6607,549
7353,551
7422,552
6923,556
7072,556
7300,556
6649,559
6743,560
6926,561
7438,566
6861,568
7159,574
6684,576
7105,576
6805,577
6860,577
7166,585
7408,587
6580,590
7333,595
6740,601
6695,606
6823,608
7034,615
7321,616
7322,617
7192,619
6803,621
7245,626
7023,631
7189,635
7287,636
7410,637
6703,641
7188,641
7409,644
6774,647
7022,647
7108,647
6561,648
6630,649
7107,653
7190,653
7429,659
7032,660
6629,663
6795,663
7342,663
6557,665
7407,665
7336,669
6556,670
7019,671
7031,673
7428,673
6713,674
6781,675
6788,675
6835,679
7014,680
7344,680
6559,685
6978,689
6560,694
7173,694
7051,697
6789,699
7202,700
6546,701
7201,702
7341,702
7345,705
6667,714
6666,715
6645,716
6780,716
6639,718
6640,720
6929,720
7265,721
6680,726
6763,729
7346,733
6558,735
6579,738
6954,738
6790,740
7390,741
7337,742
7172,748
7391,751
6554,752
6676,755
7387,757
7027,758
6545,760
7186,769
6582,772
6577,776
7026,778
6553,780
6581,783
7366,793
6555,799
6899,803
7393,804
6855,805
6611,809
6620,813
7378,816
6533,820
7394,821
6568,823
6898,824
6715,830
6943,832
6578,837
7356,845
7220,846
7315,856
6686,857
6685,858
6510,860
7109,866
6616,870
6518,871
6632,871
7404,871
6764,878
7134,881
6678,882
6765,886
6925,900
7248,908
6738,910
6739,910
6532,911
6584,916
6675,916
7212,919
6517,925
6814,925
6689,927
6808,929
7439,933
7124,934
6875,936
7431,936
6837,938
6818,940
6490,944
7025,944
7365,950
7430,951
6742,960
6669,961
6843,961
6572,964
6677,965
6783,966
7024,968
7412,974
7312,975
6609,976
6571,979
7013,979
6523,981
7050,982
6873,983
7367,986
7264,988
7392,989
7123,996
6755,998
6535,1000
6569,1003
7357,1006
6485,1009
7004,1011
7150,1013
6503,1017
7011,1017
7130,1017
7319,1024
6574,1025
6834,1029
7383,1038
7017,1039
6522,1041
6573,1043
6857,1045
6915,1048
6534,1049
7089,1053
7018,1054
6944,1055
6643,1060
7326,1064
7060,1066
6760,1068
7318,1070
7436,1071
7002,1072
7325,1075
7359,1076
6567,1080
6519,1084
6977,1087
6705,1088
7059,1095
7314,1096
7228,1098
6759,1103
7095,1103
6785,1105
7369,1106
7048,1109
7435,1109
6767,1110
7227,1111
7323,1116
7038,1118
6524,1121
6644,1123
6766,1125
7361,1129
7049,1131
6514,1134
6879,1135
6845,1139
7320,1146
7368,1156
7360,1158
6683,1165
7414,1167
6693,1170
7389,1177
6694,1182
6757,1186
6642,1190
7382,1203
7213,1205
7210,1211
7411,1211
7381,1215
6974,1222
7214,1222
6507,1236
7388,1237
6852,1238
6782,1245
6648,1246
7334,1249
6777,1256
7316,1258
7420,1261
6802,1263
6647,1264
7233,1266
7386,1270
7419,1270
6848,1271
6506,1273
7283,1281
6886,1285
7358,1287
6754,1288
6753,1292
6811,1298
7161,1300
6976,1302
7332,1310
6807,1314
6885,1318
6718,1320
7432,1324
6973,1325
6688,1327
6804,1329
7216,1335
7215,1337
7217,1341
7169,1362
6687,1364
6699,1365
7139,1366
7331,1378
7338,1380
7140,1386
7181,1388
6697,1390
7335,1392
7384,1398
6800,1405
6799,1413
7304,1420
7377,1429
6786,1432
7102,1441
7164,1441
7175,1447
6913,1453
7329,1454
6916,1455
7101,1462
6784,1482
7099,1485
6856,1487
6761,1491
6841,1494
6854,1501
6969,1501
6959,1503
6840,1513
6967,1521
6714,1528
7302,1530
6576,1552
6961,1563
7104,1565
7311,1567
7242,1569
7241,1570
6575,1577
6964,1581
6551,1585
6882,1598
7204,1600
6550,1610
7309,1622
7141,1625
7203,1635
6987,1636
6674,1649
7286,1653
7185,1655
7364,1655
7374,1655
7292,1663
7272,1688
7284,1689
6797,1715
6957,1717
6702,1721
7252,1724
6779,1749
6794,1750
6955,1767
7251,1796
7219,1819
6516,1829
7427,1830
7355,1833
7197,1834
7196,1839
7354,1841
7363,1853
6793,1854
6892,1911
6874,1915
6891,1926
6624,1939
6623,1948
7253,1955
6872,1964
7033,2031
7195,2049
7030,2062
7313,2076
7194,2082
6736,2094
6909,2152
6866,2165
7063,2178
6942,2223
7061,2226
6862,2261
6960,2336
6937,2400
6922,2415
7096,2491
7037,2500
6730,2503
6725,2536
6549,2646
6878,2695
6939,2725
7035,2731
6932,2859
7289,2862
6930,2887
7028,2888
7288,2897
6928,2921
7225,2925
7402,2944
6996,2950
6482,2958
6927,2961
7296,3046
7349,3099
6481,3131
7348,3144
6904,3182
6903,3221
7129,3277
7116,3280
7160,3454
7090,3478
7091,3521
